0,00 | 6
0,20 | 6,16038080075411
0,40 | 6,08621664263019
0,60 | 5,79150978017029
0,80 | 5,29904597165141
1,00 | 4,63948166826443
1,20 | 3,85011742890491
1,40 | 2,97340646242076
1,60 | 2,05525775879171
1,80 | 1,14320145980302
2,00 | 0,284489611848004
2,20 | -0,475791980399903
2,40 | -1,09652552326759
2,60 | -1,54220479372351
2,80 | -1,78435496411436
3,00 | -1,80267208634392
3,20 | -1,58583680614287
3,40 | -1,13196986550536
3,60 | -0,448711232153618
3,80 | 0,447080300295264
4,00 | 1,52999506713944
4,20 | 2,76708141478979
4,40 | 4,11915529105349
4,60 | 5,54235833590696
4,80 | 6,98990235821745
5,00 | 8,41393065323821
5,20 | 9,76742195761459
5,40 | 11,0060611387994
5,60 | 12,0900020419539
5,80 | 12,9854522167342
6,00 | 13,6660163474327
6,20 | 14,1137448296616
6,40 | 14,3198456916226
6,60 | 14,2850314793792
6,80 | 14,0194872783575
7,00 | 13,5424611473875
7,20 | 12,8814932947941
7,40 | 12,0713147282404
7,60 | 11,1524592870412
7,80 | 10,1696443921816
8,00 | 9,16998506974162
8,20 | 8,20111245027352
8,40 | 7,30927175489191
8,60 | 6,5374755966138
8,80 | 5,92378622021564
9,00 | 5,49979516347671
9,20 | 5,28936095208414
9,40 | 5,30765515346036
9,60 | 5,56055482144921
9,80 | 6,04440555425906
10,00 | 6,74616461285182
10,20 | 7,64391839512786
10,40 | 8,70775363684334
10,60 | 9,90094760819879
10,80 | 11,1814298576572
11,00 | 12,5034572287884
11,20 | 13,8194353733835
11,40 | 15,0818141437097
11,60 | 16,2449813014125
11,80 | 17,2670790476573
12,00 | 18,1116709559361
12,20 | 18,7491928529147
12,40 | 19,1581298059667
12,60 | 19,3258722952732
12,80 | 19,2492174382338
13,00 | 18,9344952845419
13,20 | 18,3973151474985
13,40 | 17,6619420850553
13,60 | 16,7603283888134
13,80 | 15,7308386929074
14,00 | 14,6167195290855
14,20 | 13,4643743423797
14,40 | 12,3215127374012
14,60 | 11,2352477392895
14,80 | 10,2502169257987
15,00 | 9,40680233530392
15,20 | 8,73952011759174
15,40 | 8,27564412715367
15,60 | 8,03411833211665
15,80 | 8,02480139774262
16,00 | 8,24807356064072
16,20 | 8,69482146641386
16,40 | 9,34680157521591
16,60 | 10,1773676473531
16,80 | 11,1525333063047
17,00 | 12,2323273180248
17,20 | 13,3723875556746
17,40 | 14,5257301032684
17,60 | 15,6446229694419
17,80 | 16,682489712043
18,00 | 17,5957670817591
18,20 | 18,3456426260778
18,40 | 18,8996029804428
18,60 | 19,2327311207391
18,80 | 19,3287008593256
19,00 | 19,1804289367439
19,20 | 18,7903587117759
19,40 | 18,1703641395037
19,60 | 17,3412778649075
19,80 | 16,3320622448322
20,00 | 15,1786563464401
20,20 | 13,9225448880286
20,40 | 12,6091061733377
20,60 | 11,2858048812755
20,80 | 10,0003017580797
21,00 | 8,79855557173887
21,20 | 7,72299299694816
21,40 | 6,81081939066206
21,60 | 6,09253780141698
21,80 | 5,59073525393967
22,00 | 5,31918469510648
22,20 | 5,28229840286615
22,40 | 5,47495464799064
22,60 | 5,8827045180767
22,80 | 6,4823506573233
23,00 | 7,24287484847349
23,20 | 8,12667745604513
23,40 | 9,09107931702239
23,60 | 10,0900262022008
23,80 | 11,0759278955
24,00 | 12,0015585717379
24,20 | 12,8219427095599
24,40 | 13,4961513528581
24,60 | 13,9889371081146
24,80 | 14,2721426941689
25,00 | 14,3258268886363
25,20 | 14,139062981684
25,40 | 13,7103779039509
25,60 | 13,0478145205575
25,80 | 12,1686146063164
26,00 | 11,0985351394727
26,20 | 9,87082516971676
26,40 | 8,52490404802833
26,60 | 7,10479371164912
26,80 | 5,6573675225121
27,00 | 4,23048547087105
27,20 | 2,87109008611857
27,40 | 1,62333896324441
27,60 | 0,526848353620427
27,80 | -0,384882159000974
28,00 | -1,08580109569853
28,20 | -1,55833955423797
28,40 | -1,79410747609101
28,60 | -1,79422395230838
28,80 | -1,5692684016657
29,00 | -1,13885456913843
29,20 | -0,530844329735535
29,40 | 0,219767357444721
29,60 | 1,0722518898614
29,80 | 1,98177506387697
30,00 | 2,90118881216331
30,20 | 3,78291520351606
30,40 | 4,58084759420781
30,60 | 5,25219313622745
30,80 | 5,75918318566405
31,00 | 6,07058342089318
31,20 | 6,16294346515892
31,40 | 6,02153619327882
31,60 | 5,64094927351217
31,80 | 5,02530535991699
32,00 | 4,18810215505333
32,20 | 3,1516787174604
32,40 | 1,94632928877691
32,60 | 0,609099967655098
32,80 | -0,817683798481911
33,00 | -2,28810020134331
33,20 | -3,75445744567549
33,40 | -5,1691906991577
33,60 | -6,48675399463098
33,80 | -7,66543166223162
34,00 | -8,66899707708301
34,20 | -9,46815259523956
34,40 | -10,0416932739027
34,60 | -10,3773479837699
34,80 | -10,4722643827264
35,00 | -10,3331184182038
35,20 | -9,97584399437674
35,40 | -9,4249935831869
35,60 | -8,71275527127648
35,80 | -7,87766543171813
36,00 | -6,96306834389249
36,20 | -6,01538417323109
36,40 | -5,08225436261432
36,60 | -4,2106383744103
36,80 | -3,44493766162099
37,00 | -2,82522166104688
37,20 | -2,38562653406918
37,40 | -2,15299049372815
37,60 | -2,14578012480916
37,80 | -2,37335050265665
38,00 | -2,8355686089143
38,20 | -3,5228150588686
38,40 | -4,41636407296208
38,60 | -5,48912654562014
38,80 | -6,70672658897003
39,00 | -8,02886863441611
39,20 | -9,41094059138861
39,40 | -10,8057891517049
39,60 | -12,1655964650557
39,80 | -13,4437833697595
40,00 | -14,5968633042247
40,20 | -15,5861729907442
40,40 | -16,3794108959134
40,60 | -16,9519221352798
40,80 | -17,2876785982737
41,00 | -17,3799152200447
41,20 | -17,2313970351431
41,40 | -16,8543063675167
41,60 | -16,269754655233
41,80 | -15,5069383729364
42,00 | -14,6019727037201
42,20 | -13,5964494591786
42,40 | -12,5357767397291
42,60 | -11,4673665285871
42,80 | -10,438742475158
43,00 | -9,4956433053683
43,20 | -8,68019747076997
43,40 | -8,02924180815652
43,60 | -7,57285124014898
43,80 | -7,33313813364313
44,00 | -7,32336918256712
44,20 | -7,54743502267396
44,40 | -7,99969372374697
44,60 | -8,66519439925009
44,80 | -9,52027201933869
45,00 | -10,5334897144055
45,20 | -11,6668910029518
45,40 | -12,8775120218345
45,60 | -14,1190934714307
45,80 | -15,3439240262255
46,00 | -16,5047417201778
46,20 | -17,5566175049192
46,40 | -18,4587458895119
46,60 | -19,1760712748281
46,80 | -19,6806851459093
47,00 | -19,9529384208031
47,20 | -19,982224610148
47,40 | -19,7674025654813
47,60 | -19,3168419626677
47,80 | -18,6480897071723
48,00 | -17,7871705605163
48,20 | -16,767549869665
48,40 | -15,6287997519515
48,60 | -14,4150219103985
48,80 | -13,1730899566403
49,00 | -11,9507813142779
49,20 | -10,7948731775401
49,40 | -9,74927843309589
49,60 | -8,85329585961803
49,80 | -8,14004436377387
50,00 | -7,63514367433092
50,20 | -7,35569409052422
50,40 | -7,30959595844766
50,60 | -7,49523600531385
50,80 | -7,90155303592707
51,00 | -8,5084803717062
